13
227
3
54
14
6
5
177
16
6
9
6
9
4
49
101
3
4
3
6
6
4
307
5
7
25
3
5
3
15
15
3
3
5
55
4
5
5
3
3
7
3
3
40
7
7
74
106
5
3
5
26
5
3
23
36
5
3
59
4
31
23
198
6
123
3
15
18
7
9
4
153
6
5
9
48
33
16
3
35
6
8
11
4
4
26
12
14
7
91
4
5
109
13
12
128
4
5
3
69
4
19
5
103
4
129
3
3
34
3
9
4
17
7
3
28
3
20
3
5
6
52
3
76
5
20
4
7
8
5
6
53
104
8
113
5
3
28
3
3
4
4
3
10
3
10
19
3
3
3
36
4
29
3
8
3
3
3
4
32
6
7
3
8
4
7
5
6
5
3
181
4
31
11
10
3
3
4
13
139
4
8
10
3
8
49
6
6
7
34
4
4
4
4
19
47
3
3
27
18
4
5
6
3
44
3
14
3
31
127
7
9
4
7
4
11
3
3
3
20
3
4
5
4
15
3
8
4
26
3
77
3
9
13
288
6
4
30
3
26
3
5
10
4
3
3
86
7
3
4
4
83
4
16
57
6
8
11
3
3
5
8
5
6
3
24
3
10
5
10
3
147
16
14
13
4
6
4
6
3
79
46
34
23
3
6
6
4
4
4
4
7
232
14
4
4
5
3
6
3
3
67
5
5
30
10
4
4
3
4
13
4
11
11
5
4
4
93
11
7
261
3
3
18
18
103
140
3
4
10
3
7
3
35
4
8
29
27
4
50
15
7
4
6
3
5
11
17
6
3
35
5
3
22
3
4
4
4
91
5
64
3
5
3
4
3
6
7
5
4
14
58
4
5
21
6
4
13
9
15
11
13
27
19
8
54
13
9
19
3
16
38
4
84
4
5
5
5
7
3
4
9
3
31
8
3
95
12
18
42
3
4
3
7
7
3
11
4
3
52
23
5
3
8
3
108
3
8
29
6
3
40
3
6
6
3
3
6
12
4
47
9
3
106
4
4
4
10
19
7
87
8
10
3
5
10
17
3
4
27
128
92
4
4
4
21
3
5
60
5
3
3
8
4
4
23
43
3
9
9
3
14
11
352
4
3
8
5
4
3
5
25
5
3
4
3
30
3
14
3
5
3
45
3
7
3
45
7
139
4
15
8
4
8
16
5
5
3
8
5
24
5
3
6
4
3
3
3
3
10
17
8
84
15
3
5
13
4
3
5
18
4
5
6
3
13
3
9
3
33
3
6
12
13
7
4
269
26
28
15
91
13
9
5
6
91
3
5
8
12
4
3
17
8
6
5
4
5
48
18
62
5
3
43
21
3
73
91
121
5
3
7
3
3
3
3
4
4
7
3
198
153
12
19
4
6
148
44
24
6
90
164
3
19
5
12
7
3
66
46
4
3
4
8
3
12
6
3
4
21
42
4
75
14
10
3
5
3
19
52
11
3
3
5
7
9
16
11
7
25
33
64
4
134
50
10
8
27
3
7
6
151
3
11
3
3
4
5
3
12
29
5
5
3
3
10
4
7
13
6
6
7
4
19
3
58
7
4
6
5
3
3
4
29
3
8
37
4
8
7
4
99
11
17
4
5
7
3
11
7
88
14
98
4
3
4
27
8
4
20
4
14
3
4
40
164
7
7
56
47
4
7
20
41
4
3
3
4
3
90
9
9
3
45
10
27
7
3
7
50
4
11
19
7
3
6
5
8
6
28
3
5
3
3
4
7
28
4
12
5
4
8
3
3
3
4
4
4
4
7
5
12
4
83
3
219
4
6
12
53
18
64
4
6
3
4
5
21
13
6
4
3
4
11
27
34
3
19
8
4
18
4
7
3
6
8
4
4
12
16
6
22
3
9
3
3
4
11
5
12
6
303
3
12
6
5
136
52
18
21
7
38
27
3
47
3
5
4
3
5
78
5
5
7
58
4
3
3
12
5
11
12
14
42
4
8
13
8
7
4
6
3
12
10
8
3
72
4
5
3
3
3
4
3
13
6
101
11
6
18
8
3
6
3
5
7
3
3
11
3
31
4
4
3
6
37
5
9
33
7
7
4
4
4
4
3
9
3
6
18
8
3
9
13
7
4
3
3
4
4
4
29
11
3
15
42
11
6
3
10
10
4
6
7
116
98
38
3
28
5
41
5
7
4
7
4
4
13
4
30
6
5
4
15
3
17
35
3
21
3
19
18
17
4
3
4
3
7
4
6
8
5
6
4
7
106
10
6
5
28
3
32
5
5
8
3
8
4
6
3
3
12
8
3
8
4
3
8
4
17
20
3
68
3
5
3
6
56
6
5
20
12
9
5
7
11
49
4
8
8
3
6
5
6
3
12
5
83
39
19
4
8
16
122
52
4
4
13
6
15
7
5
3
3
3
5
93
4
4
3
25
6
8
22
48
6
106
3
5
4
53
9
4
3
3
50
3
4
8
4
54
3
6
7
23
55
3
19
4
3
4
4
3
3
34
12
7
3
3
34
3
3
3
3
8
15
19
4
7
5
10
3
14
5
5
5
4
3
5
3
8
13
22
23
4
3
5
260
3
5
18
6
5
279
4
12
4
31
22
15
3
47
15
4
6
4
4
3
13
3
9
130
7
11
8
5
9
167
3
4
5
5
13
21
5
17
61
6
9
4
19
3
3
5
46
6
47
4
40
3
42
11
3
3
5
10
22
3
4
4
4
5
76
6
7
4
4
6
13
3
3
33
7
5
4
3
3
4
8
3
3
3
4
4
47
3
5
3
26
4
7
3
3
8
4
4
10
4
3
4
4
24
17
4
7
3
4
4
26
3
54
4
6
3
3
12
31
4
7
3
49
8
4
16
32
298
17
6
3
16
3
3
4
4
22
3
112
124
98
5
4
3
24
333
4
3
11
4
4
19
7
6
38
11
209
11
7
5
78
3
3
3
3
4
23
12
15
3
8
5
7
8
34
16
67
95
4
6
3
34
4
71
141
3
27
7
109
12
4
5
21
52
15
3
29
38
23
3
6
5
3
23
77
3
52
7
8
3
5
7
3
3
49
22
22
4
3
5
3
6
4
3
4
31
6
20
3
3
26
79
38
10
10
4
4
15
9
456
11
3
6
6
5
3
9
3
5
17
3
5
5
3
3
3
4
4
3
4
5
5
81
4
4
3
77
11
3
4
3
31
4
7
8
37
9
3
3
13
5
185
6
3
3
3
63
60
8
17
11
6
3
3
4
5
18
8
27
3
34
6
6
3
13
4
7
3
6
7
3
3
3
42
33
88
56
17
9
17
4
6
4
6
3
12
3
7
125
9
10
8
4
3
70
8
6
258
3
6
4
3
5
3
3
12
3
10
103
3
8
8
119
4
6
9
3
3
4
3
43
3
9
41
7
13
8
8
3
4
4
4
4
3
9
289
22
6
8
12
26
4
6
4
4
5
4
10
17
3
3
6
11
35
96
7
6
182
11
3
11
7
5
58
3
3
23
12
6
4
7
7
3
6
4
4
3
10
20
21
3
5
4
19
3
11
3
4
4
146
3
15
10
122
9
24
35
3
16
4
16
3
31
8
3
5
3
4
6
105
11
4
9
25
33
7
140
11
8
3
6
8
27
5
94
4
6
40
7
106
4
3
7
3
5
27
22
3
4
9
3
57
3
6
19
3
173
40
3
7
24
4
8
15
4
3
38
5
6
4
6
14
6
4
47
6
4
34
73
5
11
5
3
6
3
6
14
4
5
112
5
4
5
16
3
11
8
6
7
3
38
90
3
35
28
89
11
10
3
3
4
3
84
3
3
16
4
4
11
3
94
3
11
8
59
47
12
5
25
10
8
4
9
26
30
20
3
7
4
26
5
14
3
3
6
4
7
74
12
3
15
4
65
30
3
6
5
4
12
4
5
9
6
14
3
6
8
14
19
12
14
21
9
3
7
4
9
3
3
3
7
4
8
10
3
7
6
3
3
195
4
9
3
31
3
19
5
5
4
4
3
4
3
3
3
3
6
3
4
7
40
13
52
3
100
7
10
4
4
3
3
5
3
4
5
7
16
5
6
3
3
28
26
27
5
6
6
13
19
3
17
3
4
99
20
6
3
21
14
210
22
4
3
5
6
5
24
3
3
4
26
4
5
143
3
5
41
3
63
4
4
9
19
13
7
3
28
10
9
8
12
31
3
3
6
72
4
21
7
8
3
3
7
31
3
3
3
6
3
4
33
11
3
4
34
3
39
39
14
4
24
3
37
3
3
6
5
13
25
3
3
6
19
5
5
4
10
108
5
43
3
4
3
3
7
5
3
13
3
7
3
8
6
84
16
125
3
8
70
9
37
16
4
3
6
65
15
12
21
4
3
7
4
4
11
25
80
3
3
50
10
6
46
4
15
77
10
4
20
3
12
7
3
4
3
44
4
35
5
6
3
6
5
107
39
38
70
3
31
5
4
79
3
30
5
3
9
6
38
3
5
6
4
22
42
14
13
3
3
5
223
7
9
24
13
8
30
18
3
3
6
5
4
24
80
3
4
5
5
23
3
3
87
4
74
65
6
49
13
129
5
3
5
28
16
4
33
19
11
3
4
3
6
8
47
42
124
3
32
3
61
4
3
4
3
3
3
17
3
4
11
3
3
28
137
29
28
9
5
4
4
11
3
22
36
8
6
3
3
5
75
3
7
4
3
3
3
17
5
23
4
156
108
4
4
4
6
4
5
13
3
7
15
3
7
7
138
3
13
3
7
35
4
9
40
5
5
5
4
12
3
15
154
7
9
5
3
5
3
3
9
3
3
3
12
4
3
5
5
4
5
4
9
22
3
3
3
7
3
31
9
45
6
3
110
10
41
7
3
29
6
3
39
10
5
3
10
3
6
8
49
5
6
34
7
5
3
3
8
10
4
3
10
10
22
4
5
56
8
3
6
426
10
89
25
9
4
18
4
6
9
5
3
7
8
6
13
58
27
7
8
123
4
6
4
3
71
85
3
146
4
4
125
4
12
58
39
4
4
36
5
4
7
7
4
4
18
8
4
4
73
3
33
6
3
3
15
23
3
4
25
3
6
3
3
8
13
4
8
3
14
11
5
42
10
3
5
4
99
3
4
28
25
9
3
6
57
4
29
51
11
4
3
17
7
3
18
15
37
3
3
197
7
3
36
5
3
3
3
24
4
19
3
11
40
4
36
24
8
10
3
5
3
6
6
3
12
94
6
3
10
8
5
87
7
3
6
90
41
3
9
96
58
7
7
71
147
5
3
3
5
3
8
3
5
12
22
47
18
4
30
5
20
6
5
6
23
8
4
12
19
3
5
7
20
6
73
41
4
76
3
10
3
6
3
3
3
4
4
11
47
37
9
4
3
3
29
9
3
23
8
3
5
15
10
38
3
82
6
3
8
6
232
3
12
4
4
10
4
6
42
12
5
3
5
62
49
4
7
79
5
7
7
31
59
9
48
4
36
4
37
3
12
56
27
4
20
6
9
6
20
4
3
8
10
7
15
5
3
14
11
15
67
6
8
3
73
3
42
3
6
3
40
19
3
4
30
6
87
5
3
199
81
81
3
20
6
55
38
3
12
5
5
4
3
64
351
11
56
169
222
5
3
4
50
3
51
5
6
3
3
5
3
3
3
5
4
4
149
9
5
45
7
6
9
3
9
6
5
7
13
3
11
13
5
3
21
18
18
5
5
10
66
4
29
10
3
14
5
4
449
6
7
4
6
6
56
17
7
3
53
3
3
10
50
4
8
4
15
263
3
4
4
110
36
3
125
7
8
9
29
8
19
6
22
62
41
32
4
4
3
9
5
4
75
4
29
5
4
5
5
6
4
10
34
3
46
12
44
8
5
3
3
3
5
5
5
24
5
50
7
4
4
17
4
6
4
6
24
3
25
12
20
5
3
3
3
159
87
33
74
6
4
16
4
259
3
10
3
3
4
5
4
179
3
4
8
58
24
34
3
84
9
3
63
7
7
10
4
80
3
12
3
48
52
4
12
3
5
48
5
3
38
5
3
14
25
59
147
3
69
20
4
18
12
3
26
4
13
5
3
3
68
37
321
3
10
3
5
19
4
3
10
3
35
4
36
11
6
79
3
3
4
6
5
13
9
6
4
28
63
5
4
15
7
4
3
16
4
4
8
3
250
679
7
10
3
4
7
93
3
6
9
3
5
38
3
34
3
3
21
5
9
7
13
130
8
3
5
4
13
24
4
29
121
12
36
8
9
15
9
11
6
3
5
11
82
36
4
141
3
4
28
16
5
4
5
4
9
60
8
4
42
6
3
5
13
3
20
5
7
3
3
3
7
3
3
3
3
5
3
17
7
4
20
59
27
6
4
5
4
32
3
5
3
35
14
3
6
23
135
4
8
12
95
59
4
5
10
16
4
519
123
14
4
68
3
5
7
3
7
6
47
3
4
17
5
167
8
11
72
6
3
5
4
10
6
3
3
4
3
3
5
7
4
3
13
5
41
26
3
6
3
4
7
3
27
4
3
3
7
31
3
56
6
5
5
116
22
66
5
5
11
12
56
3
5
47
3
25
3
7
28
3
24
6
4
3
25
26
8
5
5
16
100
3
3
8
3
3
4
3
7
102
33
4
7
10
30
67
3
73
6
11
3
9
197
3
8
32
7
3
6
7
4
61
9
4
3
3
7
5
5
9
3
5
4
6
4
11
3
21
48
11
41
3
9
3
4
26
3
28
5
240
6
3
4
9
3
6
54
4
3
3
45
4
105
91
3
3
193
32
5
4
3
8
5
22
3
4
4
3
3
21
5
4
5
4
7
41
8
5
10
4
7
21
176
7
19
6
62
5
4
24
3
90
3
28
6
9
5
5
3
90
52
8
24
101
131
46
31
3
3
59
21
10
4
4
12
3
71
6
56
11
8
4
3
40
3
11
8
3
5
6
3
3
3
3
3
5
3
4
69
17
17
6
4
3
6
61
32
3
3
3
3
3
6
3
4
50
16
3
14
5
42
3
46
61
45
3
3
3
6
4
72
185
30
4
8
6
17
8
3
70
4
16
4
3
3
16
10
4
5
7
31
3
13
7
22
4
64
4
3
6
3
118
22
4
13
4
43
4
4
4
10
3
3
4
27
4
26
4
7
18
56
5
9
3
18
7
3
4
3
3
8
3
4
3
4
71
11
10
24
4
9
5
4
3
9
59
4
3
16
3
3
96
3
4
37
12
4
79
5
3
177
7
3
3
7
6
7
35
3
3
3
3
3
73
6
92
289
6
19
8
5
30
3
3
24
4
5
6
71
3
4
11
5
26
9
52
121
21
3
4
3
36
5
38
3
4
7
6
3
3
6
66
3
9
4
3
3
33
3
12
3
3
3
3
4
4
4
23
4
3
8
3
3
3
4
7
36
40
82
4
6
4
147
6
77
3
7
12
3
7
5
6
9
5
4
3
4
10
59
8
12
20
4
7
33
15
4
20
6
23
29
3
3
28
22
7
50
5
3
3
4
31
4
5
25
3
5
3
4
9
5
4
78
7
3
12
4
8
151
4
4
24
3
8
9
22
6
7
6
8
42
4
3
15
3
4
53
98
14
27
5
3
4
4
3
4
6
3
4
3
48
4
9
6
6
4
7
8
6
4
4
4
7
3
3
22
4
4
5
3
5
122
39
119
3
23
8
3
7
3
70
5
3
28
19
26
13
38
6
15
4
4
3
4
94
3
48
271
3
4
3
3
3
55
61
3
10
3
6
4
9
6
10
6
13
13
4
11
4
4
4
184
5
41
25
10
3
3
11
4
43
6
7
3
185
8
11
3
3
10
12
4
9
6
8
6
10
5
11
3
17
77
7
4
3
5
8
8
3
3
4
4
15
3
8
37
5
3
12
4
5
6
78
19
5
4
7
4
16
14
4
7
8
4
16
7
3
8
33
4
6
5
14
7
3
4
29
4
4
5
215
5
16
4
4
3
105
5
23
4
3
4
4
39
8
20
3
4
3
14
4
3
3
3
9
3
118
6
8
14
4
3
5
3
9
9
3
72
6
5
6
13
3
8
10
3
6
20
4
201
6
14
38
3
314
42
4
14
3
4
4
3
5
3
3
50
3
34
90
135
46
64
5
3
3
3
6
42
45
5
6
77
15
5
60
3
83
4
21
10
7
11
8
3
21
115
4
5
5
5
6
3
3
4
8
4
3
9
6
54
12
42
15
3
3
3
4
160
4
6
5
156
8
9
35
14
21
7
3
31
10
8
6
11
19
4
7
42
26
7
4
21
3
5
39
4
3
6
10
3
32
5
53
3
3
25
7
22
3
14
15
3
4
40
3
27
46
5
4
276
182
5
70
3
4
7
9
41
4
3
3
5
316
3
97
3
5
6
3
3
7
22
9
3
6
4
57
31
3
3
105
3
57
4
8
4
12
6
3
8
3
4
3
3
4
4
3
49
5
5
26
3
4
55
3
43
3
145
4
4
28
7
192
16
15
3
16
51
6
9
4
7
35
28
44
37
5
4
5
35
4
6
4
4
4
6
27
8
3
5
3
8
6
20
10
4
5
59
7
5
70
73
5
3
13
4
9
27
51
3
6
8
5
7
12
6
6
5
4
16
3
3
5
24
13
3
23
5
5
37
5
12
3
15
61
6
12
5
43
8
5
4
55
3
4
6
6
9
12
11
3
28
8
7
3
5
8
588
4
30
11
36
9
4
3
3
4
11
6
3
3
94
85
3
3
18
9
3
20
99
5
3
3
4
13
9
3
3
3
53
3
4
59
6
4
24
15
9
4
16
4
4
24
5
39
4
9
15
13
44
26
10
3
8
3
3
16
3
13
32
3
6
137
8
79
3
29
6
31
22
28
17
116
21
24
4
28
5
33
4
7
100
170
3
6
3
5
3
16
3
7
3
5
3
4
178
3
58
3
3
11
26
3
8
9
97
22
3
11
9
4
4
7
257
3
53
6
7
3
3
18
4
74
5
4
5
68
4
88
23
8
5
4
3
7
7
4
16
8
10
3
17
57
6
14
3
6
3
4
3
10
4
8
35
29
3
451
13
7
14
278
6
4
3
139
22
4
22
22
5
6
3
3
3
3
3
6
3
3
4
3
3
3
7
37
3
56
4
58
11
4
7
4
4
97
50
3
68
35
3
41
12
7
3
6
24
6
5
20
5
3
4
3
3
11
6
5
11
10
3
12
4
8
7
78
47
4
3
7
6
3
6
3
8
7
4
4
4
4
4
19
4
20
4
12
109
7
6
20
7
56
9
3
10
30
6
19
34
6
6
5
35
9
4
100
23
4
3
36
3
34
6
3
8
23
10
3
17
5
9
3
7
3
144
68
14
3
91
3
65
3
3
15
3
10
23
6
13
5
3
9
127
4
4
5
3
14
4
113
3
4
12
3
6
17
15
11
31
7
4
27
30
67
16
173
39
15
3
36
9
4
3
6
5
6
3
4
13
3
20
3
22
36
3
16
39
4
5
3
3
4
7
3
9
3
9
3
71
3
12
216
13
29
4
4
4
35
94
17
4
4
12
4
4
8
5
5
3
7
7
6
4
4
3
32
4
49
6
3
4
12
121
3
26
76
6
6
33
5
64
5
4
7
3
7
3
4
7
5
5
3
15
4
6
3
28
3
3
4
40
4
51
4
3
13
8
75
7
3
14
3
11
18
57
4
4
23
31
7
18
29
9
4
7
3
3
84
3
4
3
4
6
18
3
3
39
6
3
3
3
4
5
7
5
3
8
4
5
6
257
6
3
6
3
3
4
60
11
3
4
6
3
13
3
3
10
4
4
6
4
4
7
5
9
29
6
5
3
3
4
17
21
3
7
76
30
36
20
6
3
13
9
19
4
8
7
6
6
52
3
9
17
124
5
28
12
12
214
3
3
7
13
10
3
35
27
5
5
15
4
9
4
12
5
33
5
4
73
17
3
16
53
8
3
3
4
36
35
24
3
3
4
25
6
5
17
50
24
31
12
5
3
4
4
3
3
5
4
7
4
141
4
10
19
14
7
4
4
4
3
5
4
5
3
7
4
8
4
3
9
3
6
3
3
7
4
4
8
3
59
3
17
6
7
3
6
3
3
6
3
8
3
3
68
8
6
170
5
16
3
3
5
23
90
28
16
8
28
5
5
3
15
40
31
8
8
5
4
5
4
6
4
3
6
3
3
16
4
3
4
31
3
7
5
4
15
8
4
5
4
9
3
4
6
6
54
6
5
3
22
26
3
7
65
110
3
9
20
11
6
3
9
3
83
3
68
21
4
10
4
3
3
3
6
3
3
8
3
6
4
5
3
5
47
3
12
4
256
105
48
4
3
3
38
3
6
4
7
3
8
5
5
20
32
5
7
4
3
12
3
129
3
3
9
5
11
3
5
3
5
4
57
3
7
4
161
160
5
16
3
3
92
31
4
3
30
6
83
53
3
14
5
19
3
37
14
6
501
3
4
11
142
26
3
16
220
4
16
11
136
3
17
4
64
5
35
37
3
4
3
27
14
53
33
8
3
20
6
68
5
10
8
3
3
65
4
6
3
3
3
4
12
14
185
4
34
3
14
4
11
4
28
3
73
5
48
4
10
10
6
5
6
21
7
3
36
9
11
3
12
138
4
4
3
3
12
28
3
5
3
4
3
3
27
9
4
6
15
56
17
63
306
11
7
7
16
6
8
5
3
3
3
7
8
3
41
6
7
22
3
4
7
5
12
17
3
8
4
7
4
5
5
4
4
5
6
6
52
3
3
22
4
9
3
3
3
3
3
3
15
3
3
26
15
8
7
18
3
19
5
3
3
30
6
5
9
10
3
7
22
7
44
195
16
5
26
4
3
17
10
106
4
3
4
3
3
3
7
30
4
3
11
6
5
5
6
9
21
4
3
3
6
4
31
11
7
8
5
45
3
3
7
8
7
11
225
10
15
5
4
16
13
53
6
27
3
11
19
8
8
16
3
18
3
3
5
4
9
10
5
3
3
9
28
24
3
3
3
3
3
4
4
4
3
39
3
3
3
12
6
10
46
4
3
7
14
19
5
11
7
5
83
9
77
46
5
4
24
4
3
4
4
5
19
6
4
12
5
29
13
8
4
55
3
34
23
35
83
6
36
3
129
4
3
7
6
18
13
4
3
484
3
5
3
5
36
6
8
3
3
66
34
5
9
3
38
152
15
5
5
14
4
9
15
3
3
8
3
3
6
17
3
6
11
11
3
4
9
6
3
3
6
138
3
5
3
129
6
3
3
16
16
5
48
14
3
7
5
30
4
8
3
3
4
3
55
10
4
14
5
5
9
3
12
3
42
5
144
4
15
6
25
26
188
4
4
3
3
3
40
5
19
13
12
9
22
3
6
3
7
27
3
5
5
3
5
4
6
5
3
27
46
9
20
96
4
3
3
10
4
3
17
13
3
10
4
3
4
3
7
3
3
4
45
25
4
93
7
3
3
3
6
3
9
18
58
3
4
4
26
15
57
3
5
12
6
235
73
13
6
11
10
7
6
6
3
182
6
4
4
309
3
8
3
3
9
28
4
10
3
8
3
3
3
3
6
34
7
6
4
4
9
9
4
9
25
7
10
6
3
4
9
11
23
6
4
8
3
7
4
5
4
85
3
5
61
4
11
3
3
3
29
16
6
13
8
66
18
5
4
36
5
3
85
6
4
37
4
4
10
3
6
7
4
4
3
3
4
12
3
4
168
8
43
4
39
15
268
34
14
4
5
4
3
4
56
3
3
4
18
4
10
163
84
3
7
4
180
8
4
3
7
3
9
29
9
5
5
20
5
14
321
6
3
13
3
7
24
81
5
5
11
3
4
3
4
3
3
29
7
13
5
3
3
34
3
119
3
36
10
5
7
107
3
4
5
64
4
3
95
198
6
15
4
6
89
16
3
46
8
7
3
4
137
14
6
5
3
11
16
4
16
16
3
74
5
5
7
4
3
5
3
11
40
23
6
9
21
4
3
4
7
8
4
3
6
4
59
7
4
4
3
4
5
3
3
3
3
4
3
4
4
13
162
64
14
82
3
40
11
4
3
3
6
10
6
23
4
61
4
38
59
6
4
29
20
4
3
17
7
106
4
4
69
5
16
4
3
20
10
3
3
12
4
22
6
6
7
215
4
15
3
161
7
4
5
5
3
3
4
9
11
4
4
51
31
30
79
3
4
4
4
29
5
5
74
15
6
10
4
38
5
52
7
22
7
7
3
13
5
51
106
16
4
33
39
17
4
3
17
28
27
3
5
6
13
3
5
17
5
3
5
3
131
3
7
3
197
9
8
3
3
4
22
4
4
4
131
48
3
13
8
3
10
3
7
7
54
5
3
3
13
4
3
39
4
6
5
3
6
8
11
4
4
8
38
5
4
24
35
5
3
11
3
10
22
5
4
6
3
6
8
5
44
7
4
53
31
18
5
3
42
58
5
14
42
41
4
12
6
4
71
4
95
175
3
4
4
3
18
4
3
43
30
6
17
12
5
7
6
7
112
11
8
20
3
6
4
3
28
6
4
19
8
3
17
123
3
4
3
6
6
4
5
10
44
265
11
3
3
5
7
7
5
5
109
31
3
3
26
31
3
6
7
115
7
3
3
5
20
4
119
6
14
15
26
5
4
4
8
3
6
4
6
11
16
7
6
3
4
26
4
5
3
6
9
41
4
14
3
9
6
4
3
41
13
3
5
3
7
6
134
37
31
3
4
25
3
23
9
9
4
3
3
7
6
39
6
37
15
6
3
3
4
48
54
3
9
32
99
4
6
8
5
18
3
3
4
11
3
11
10
23
3
22
8
12
8
18
3
3
4
3
3
5
3
10
87
6
177
3
32
16
3
4
3
14
20
3
164
3
5
165
5
3
128
16
5
15
12
6
10
3
18
7
5
4
4
4
3
6
4
6
21
45
3
32
27
5
3
3
5
34
7
3
19
285
4
38
8
71
9
3
5
59
145
5
4
13
361
16
28
6
27
3
33
6
6
5
10
22
3
85
5
3
3
8
3
16
6
8
89
6
4
4
48
3
42
3
645
54
7
79
5
57
3
23
6
12
40
3
23
4
46
31
7
21
130
12
16
3
3
14
59
5
25
4
5
7
5
4
15
3
5
6
15
4
4
3
4
3
5
29
3
3
7
32
24
6
4
144
79
69
3
12
52
19
3
4
25
3
3
45
79
7
5
45
8
10
3
11
39
10
6
6
30
77
41
4
8
198
7
4
5
7
3
3
3
7
8
19
4
117
4
15
73
21
3
9
8
3
11
8
3
5
192
35
4
3
13
6
5
12
5
3
5
33
4
5
15
28
7
408
5
15
12
120
18
3
5
31
7
6
48
22
17
12
24
6
12
4
4
8
7
3
3
4
35
3
19
35
8
8
3
4
10
12
14
12
6
9
6
17
3
5
5
3
4
40
9
4
58
37
6
3
4
3
3
3
3
4
16
33
3
4
30
6
31
5
53
42
11
3
4
4
6
22
8
3
58
20
27
6
63
3
19
48
5
3
43
3
3
24
7
32
59
39
6
18
4
11
29
5
29
3
3
4
126
3
13
3
3
9
13
63
25
5
5
8
14
15
4
3
6
3
5
3
5
16
20
93
5
36
11
110
3
6
125
5
18
10
3
4
7
15
3
65
3
4
7
3
22
77
7
3
6
15
7
3
5
6
5
28
36
21
51
36
47
4
11
5
20
4
6
122
4
6
29
4
4
4
3
3
4
3
3
4
6
80
14
7
265
17
5
4
52
6
91
4
4
3
13
3
23
4
10
30
4
4
5
5
4
3
91
17
3
9
9
50
3
32
9
218
7
8
3
3
5
3
7
65
3
4
5
12
3
3
19
5
9
16
10
5
3
25
3
82
13
34
6
3
3
35
30
4
4
4
3
4
3
3
28
77
3
3
3
71
3
5
3
41
7
23
251
9
51
3
7
3
3
9
24
3
15
14
4
3
3
3
4
88
6
11
34
5
4
12
21
3
3
3
3
3
3
3
5
15
49
3
7
3
85
6
7
3
3
50
20
120
105
29
3
19
7
3
3
3
64
24
12
80
5
3
4
4
41
29
6
3
3
38
9
3
3
3
5
5
5
132
14
74
13
3
33
6
24
3
31
3
68
5
22
6
3
10
9
17
24
4
9
540
5
7
6
8
103
9
3
5
3
3
11
41
53
4
5
3
33
55
27
8
72
5
14
3
7
5
3
3
5
8
3
46
16
8
6
3
5
3
22
7
3
6
4
12
69
3
11
6
20
27
3
4
3
7
6
6
54
9
4
5
9
3
26
3
4
11
10
5
5
31
3
5
12
20
80
33
20
206
3
82
3
3
4
3
4
3
6
4
8
3
17
165
14
3
7
3
14
20
15
110
27
16
5
3
5
6
4
74
5
4
3
4
15
57
3
13
3
6
60
4
4
4
3
145
3
3
3
7
3
6
3
3
20
26
4
20
35
5
5
4
3
3
3
6
3
3
3
8
7
5
302
7
18
3
39
5
52
31
7
78
20
130
30
6
13
109
3
4
4
5
341
12
140
3
11
3
9
3
4
4
8
4
20
8
3
11
8
9
4
14
3
3
9
7
3
3
3
3
45
36
4
3
120
4
18
13
12
9
22
6
3
4
53
6
141
6
6
12
14
15
3
3
3
69
9
9
4
27
3
16
6
13
5
61
4
5
8
3
16
8
17
9
35
3
3
13
6
3
138
5
6
3
9
3
5
3
32
3
3
13
4
4
73
93
5
15
99
8
5
8
28
3
17
26
3
3
5
12
4
4
5
3
4
8
4
9
14
7
3
13
3
153
3
27
4
3
23
29
4
4
102
30
4
3
4
30
111
25
4
14
8
3
4
36
17
3
3
38
5
3
3
9
19
3
4
7
3
89
3
4
4
13
4
15
32
4
21
19
8
5
3
4
3
4
9
3
3
17
91
8
27
3
15
21
4
6
6
13
4
3
6
10
12
6
25
23
3
5
3
13
7
23
8
4
7
20
6
16
6
25
4
3
3
14
4
5
49
3
3
6
15
137
5
11
6
8
4
18
3
4
57
33
13
25
3
6
3
7
34
4
3
11
3
8
21
8
3
8
3
8
3
55
5
4
3
19
7
194
25
8
5
7
4
41
3
3
70
25
12
76
73
4
38
24
3
3
3
4
3
28
5
5
5
3
9
3
12
5
6
53
27
3
105
25
8
6
15
3
4
4
4
3
6
36
3
10
5
6
4
5
36
22
25
10
3
36
24
14
25
4
5
30
40
4
35
9
4
3
5
6
10
13
4
7
178
4
32
9
36
8
3
16
66
10
36
10
11
15
5
25
5
7
35
4
4
4
3
3
3
4
3
4
8
3
3
3
26
6
3
6
77
4
4
7
58
16
3
13
4
6
34
4
7
5
14
8
3
3
77
16
5
4
27
4
3
5
85
4
3
17
6
6
3
11
22
3
11
6
38
5
4
10
13
4
4
28
3
13
22
4
5
3
6
8
27
10
14
9
4
5
68
14
68
61
3
3
5
18
5
3
3
6
5
18
6
24
3
3
11
26
7
15
4
3
3
3
3
3
11
472
31
8
5
3
5
8
3
3
6
5
29
10
3
3
30
34
8
11
20
6
3
3
7
4
90
3
5
31
4
3
10
3
3
3
3
3
45
3
10
6
17
4
7
8
3
65
17
3
7
3
3
5
5
5
3
4
8
3
3
9
17
5
7
3
3
5
58
3
4
4
20
16
22
4
5
4
38
3
6
36
5
4
4
3
7
12
3
4
4
18
3
4
3
4
108
3
3
4
3
9
13
41
5
3
6
4
8
3
4
7
3
5
4
9
4
30
8
6
69
9
6
3
3
5
3
3
3
7
46
3
6
4
5
5
3
4
4
7
3
3
3
7
14
418
5
6
3
5
4
5
9
6
3
6
5
16
6
3
46
10
5
4
101
5
3
5
3
4
8
3
78
3
6
4
10
69
8
3
4
3
6
262
116
4
8
52
3
59
3
6
3
3
3
6
4
8
27
44
4
5
19
3
82
21
11
5
19
6
13
73
3
3
4
4
141
3
39
4
63
3
3
4
10
4
6
34
4
7
3
3
3
4
3
3
40
16
12
9
61
7
5
5
9
3
41
24
3
3
4
12
92
4
3
3
9
3
12
28
7
3
43
6
3
8
4
9
3
4
4
3
11
3
4
4
3
46
14
4
6
11
7
20
70
4
7
3
31
3
9
13
3
8
38
8
7
3
4
8
12
8
60
10
3
6
7
12
9
4
13
4
16
66
57
5
81
4
5
3
3
13
8
5
32
4
6
28
34
13
43
16
3
61
11
6
4
58
6
3
12
15
9
6
25
6
11
194
4
3
30
6
4
4
3
82
12
4
4
12
59
4
3
3
9
10
5
18
70
18
42
5
3
71
13
29
11
38
4
5
32
10
6
3
7
3
3
23
21
27
20
3
3
53
4
8
57
3
3
4
31
62
4
6
3
4
4
10
4
64
4
6
5
6
10
9
49
4
11
3
5
3
80
3
21
9
225
18
83
6
4
208
27
3
21
3
3
11
68
3
8
3
3
126
5
3
4
15
3
8
5
16
87
15
84
5
31
11
4
10
10
3
8
4
8
18
5
4
24
65
3
3
48
4
18
27
69
4
59
4
42
3
10
4
15
4
8
5
81
4
13
45
4
3
8
4
18
27
3
192
3
3
3
6
87
14
4
12
6
4
3
3
60
4
22
10
80
4
25
3
7
5
12
78
73
3
51
3
4
44
11
5
15
4
126
3
6
6
3
5
3
39
5
5
28
5
52
18
4
3
3
3
3
3
3
4
9
4
3
3
3
4
4
5
3
9
3
16
12
12
21
4
3
219
5
6
3
3
5
5
6
3
3
5
4
50
3
3
5
4
3
7
8
7
31
10
3
46
3
7
72
7
9
28
5
3
3
4
29
13
3
30
68
11
3
3
24
4
19
4
23
16
104
5
57
53
11
7
5
6
8
4
20
7
17
7
3
4
3
40
4
6
5
21
7
31
5
5
9
7
67
4
26
87
5
3
10
3
8
3
6
43
20
42
23
3
70
5
7
3
7
10
4
7
3
3
4
10
7
6
5
6
17
4
4
9
7
11
28
6
23
10
3
3
18
39
13
9
8
31
3
105
3
14
5
8
3
3
19
4
6
15
8
3
6
5
21
12
7
12
5
35
16
6
7
9
168
4
24
8
3
5
3
8
3
4
11
3
4
7
5
3
29
3
5
10
3
4
7
4
4
8
6
8
3
3
3
3
3
7
18
46
6
6
3
12
4
33
3
3
4
4
9
66
5
6
5
7
4
10
4
19
9
11
157
3
6
3
3
12
4
7
8
16
5
3
8
7
6
3
3
3
25
3
3
9
34
4
5
8
3
3
13
3
12
75
7
3
7
39
4
3
4
18
28
6
3
3
7
3
23
9
5
4
12
6
3
10
4
4
23
11
3
7
36
4
5
3
5
4
3
3
10
8
19
79
3
8
53
4
7
3
4
14
3
4
3
3
58
4
32
10
5
15
64
18
17
10
4
3
3
6
5
3
3
4
3
6
22
3
17
4
6
4
5
15
13
33
67
7
3
13
5
34
3
27
153
4
5
10
5
3
7
11
4
14
6
5
6
17
12
6
9
5
22
6
17
5
5
46
13
30
4
4
8
4
5
3
9
5
4
3
8
4
3
12
4
3
3
15
3
3
3
17
3
3
3
7
12
3
6
3
6
7
3
124
22
3
160
3
5
3
3
4
23
8
19
9
181
45
6
3
24
30
3
7
32
3
3
4
3
4
3
17
5
3
12
17
7
3
7
4
3
15
5
3
7
108
79
4
16
14
21
8
18
8
7
38
10
6
4
3
8
8
5
26
5
12
10
9
3
4
9
3
22
3
8
4
6
4
3
3
6
3
3
3
3
5
3
5
3
3
5
9
5
98
6
21
3
3
11
8
3
10
12
8
359
19
34
8
12
23
11
4
10
3
4
3
16
15
6
46
4
4
99
20
25
12
4
4
5
6
5
6
4
7
133
3
5
119
46
4
9
3
6
11
6
54
3
3
268
10
48
3
4
16
394
4
5
347
69
6
3
29
3
3
6
21
13
6
4
54
3
15
3
3
59
4
4
3
70
12
17
392
28
5
5
3
3
26
5
4
4
3
26
26
10
6
3
79
3
3
3
10
9
3
3
3
34
23
105
6
3
6
7
27
76
41
48
4
5
11
6
3
147
5
4
113
3
7
3
6
7
3
7
10
4
9
3
4
67
4
61
3
6
3
5
44
16
5
6
5
9
88
122
3
3
3
13
3
3
16
3
6
11
16
121
10
5
25
5
4
14
5
3
3
3
4
9
63
81
97
3
4
3
9
3
9
58
32
4
14
3
80
30
3
5
4
42
3
3
33
22
3
24
5
188
3
118
11
3
6
6
4
4
3
3
97
5
6
794
6
4
3
30
4
4
67
3
3
18
5
5
5
3
4
35
3
10
4
9
184
6
87
51
4
10
11
4
3
24
3
17
3
3
4
61
8
30
3
8
3
6
8
77
94
6
88
4
7
6
10
79
65
3
4
30
5
6
4
54
4
7
5
7
3
24
19
12
42
5
15
13
4
15
176
67
4
3
14
13
12
4
41
4
21
15
4
3
48
4
4
7
29
12
5
4
23
3
25
16
10
7
10
3
7
244
16
4
5
18
13
6
3
11
7
5
23
3
8
3
5
6
30
4
14
8
3
3
7
10
18
5
4
3
5
3
16
14
13
7
3
3
106
5
4
5
44
3
4
10
3
161
3
3
35
80
6
3
8
3
3
10
4
7
8
4
6
7
7
3
51
89
7
5
10
7
5
9
3
6
4
142
19
43
5
4
3
7
135
18
4
4
14
3
3
24
101
24
6
7
8
5
9
76
4
10
3
47
3
20
3
39
3
4
5
6
23
5
11
6
21
8
6
8
4
4
137
7
6
6
11
12
9
27
4
25
3
5
7
25
3
4
6
3
14
51
16
3
3
59
3
116
5
3
3
69
22
4
6
30
18
4
4
3
49
3
4
3
22
17
20
5
5
4
6
3
13
3
3
7
7
6
3
3
7
5
4
131
51
4
5
82
11
27
11
6
11
5
3
3
5
3
143
3
12
9
6
4
10
44
3
31
3
3
7
4
26
5
20
4
16
6
5
12
11
5
237
3
4
7
4
3
3
14
10
17
5
9
141
8
4
13
18
5
4
42
12
137
3
5
5
219
4
7
3
6
3
7
4
3
14
8
155
21
4
3
5
9
5
3
6
7
10
4
3
7
4
26
37
4
47
3
3
9
3
5
4
3
4
13
3
10
35
20
41
4
4
5
8
3
12
4
11
51
3
44
5
3
52
4
11
70
3
4
19
7
28
437
3
21
15
3
4
3
8
4
3
3
4
3
3
12
29
5
8
5
5
35
20
21
34
11
5
45
3
3
63
3
3
27
3
4
55
16
61
23
8
4
6
20
3
41
53
98
46
3
6
3
15
6
4
16
19
7
62
3
31
5
5
7
4
3
238
12
16
5
4
22
4
4
6
3
118
9
5
14
17
14
169
9
6
19
45
6
7
84
5
9
7
130
35
4
8
6
4
3
45
4
23
3
6
4
3
3
47
17
4
14
8
12
91
25
201
6
113
13
3
8
8
3
3
5
19
4
3
3
58
3
8
24
4
4
5
63
4
8
9
70
4
3
3
32
9
3
3
3
16
447
14
6
6
3
72
76
13
5
12
27
21
3
4
5
3
114
4
6
34
74
7
3
3
3
6
6
3
5
3
3
47
338
19
8
3
3
3
15
3
10
5
4
4
3
42
60
29
3
3
51
3
3
4
22
4
3
11
13
5
3
11
4
45
4
6
11
3
4
5
3
7
3
4
3
7
7
3
125
7
3
3
3
3
20
4
4
3
4
3
27
6
44
5
201
5
5
4
3
7
3
3
4
4
7
8
4
8
22
71
3
29
4
3
10
3
12
3
19
4
3
3
17
8
3
6
5
9
3
18
41
4
101
3
28
10
4
8
4
5
4
7
6
7
6
19
28
43
10
15
3
227
5
12
238
8
12
39
4
4
20
5
26
16
4
11
33
104
6
3
9
3
3
130
13
36
4
4
3
3
7
12
58
5
38
4
18
6
6
3
3
4
6
5
4
4
9
28
7
12
127
9
3
6
9
147
28
67
7
160
4
30
6
3
10
19
29
3
36
21
5
11
5
4
6
44
4
3
24
3
14
39
3
3
6
6
4
42
3
75
6
9
4
568
13
6
6
12
3
3
4
5
10
3
135
3
3
37
3
11
3
4
11
49
10
3
5
4
3
4
18
14
33
59
47
39
3
6
3
3
3
43
155
3
7
9
8
3
5
3
4
3
9
12
3
3
17
5
5
4
8
5
24
4
4
5
5
3
5
3
5
55
8
9
3
3
101
9
5
6
21
5
6
3
10
3
24
13
4
7
5
10
6
5
3
4
25
3
4
7
3
4
6
5
7
30
4
3
6
6
5
7
4
9
9
43
3
3
23
40
6
12
3
65
3
17
8
6
7
7
10
22
5
3
7
59
3
6
6
8
3
3
3
48
6
18
6
131
4
3
6
6
4
5
54
5
18
193
9
16
74
38
74
7
3
7
23
4
3
8
4
100
107
33
5
13
3
12
9
8
14
31
112
13
3
22
287
9
31
93
4
13
24
13
5
52
8
9
21
4
24
88
3
3
6
12
11
3
3
3
5
4
33
4
4
4
9
3
5
190
28
235
8
7
4
4
11
7
20
6
53
41
3
23
11
5
6
5
169
10
7
33
5
117
13
3
16
7
27
3
3
4
3
6
5
5
3
49
92
5
7
4
3
3
3
83
3
23
35
6
3
9
7
3
5
6
3
3
5
4
3
23
13
4
4
12
6
3
8
4
30
21
20
39
6
4
21
21
42
3
5
4
6
3
7
3
3
32
12
64
4
5
3
3
13
5
3
3
5
4
5
112
33
18
4
3
11
8
16
7
50
5
3
5
6
7
18
12
63
4
61
31
4
5
57
21
8
3
6
3
3
3
171
4
22
3
4
24
24
5
4
71
3
7
3
4
9
4
5
4
3
10
8
87
3
4
7
12
3
313
4
26
15
5
3
40
33
10
18
23
3
21
8
18
5
71
9
44
8
9
20
3
4
5
77
6
3
4
6
216
6
4
18
18
5
112
31
6
7
3
7
3
13
57
27
3
4
3
11
3
22
40
3
3
3
3
3
8
5
4
75
5
3
4
14
6
53
6
17
6
11
18
4
3
5
4
5
3
5
7
6
3
4
3
14
6
3
7
3
3
3
30
3
3
19
13
3
3
7
3
3
6
3
426
3
3
3
8
4
39
3
15
9
9
64
4
6
10
11
5
40
4
54
25
33
66
3
8
7
5
3
5
10
3
4
192
3
143
26
28
4
6
12
16
47
3
4
7
4
6
20
17
3
4
12
3
3
5
20
3
3
4
45
20
6
10
19
4
7
30
3
32
74
3
3
3
3
3
3
11
3
56
11
13
3
3
4
7
3
3
36
10
3
10
5
3
3
4
4
8
61
56
6
20
16
3
5
3
3
10
3
10
9
16
57
6
8
10
4
3
7
5
17
49
4
3
7
48
22
5
3
154
4
3
96
10
48
21
16
3
3
3
3
43
3
15
61
3
12
49
11
7
4
135
5
6
38
3
3
6
9
6
4
6
3
7
3
7
102
5
9
5
22
4
5
8
61
103
6
3
100
3
10
4
6
4
3
23
31
3
5
3
5
6
9
3
3
3
3
3
6
6
7
8
3
3
4
63
77
4
5
6
73
4
10
81
3
15
3
7
4
5
3
36
3
3
82
71
15
4
3
3
3
11
4
3
3
21
3
4
5
7
136
7
7
3
6
3
3
8
4
91
3
42
80
3
20
7
6
34
4
4
8
6
9
3
10
6
5
9
4
4
4
3
4
110
313
844
3
3
4
3
4
3
4
12
3
6
4
3
4
6
3
10
3
11
4
4
3
6
3
56
4
3
6
4
3
4
21
10
4
3
83
20
89
14
13
14
6
12
6
3
3
3
37
3
4
3
46
38
6
22
3
17
3
6
3
10
20
12
6
4
26
3
11
7
4
9
3
4
13
4
3
16
7
5
6
3
12
9
137
3
7
5
50
5
3
3
5
3
9
11
10
14
4
3
3
57
8
10
57
8
4
3
22
5
4
15
31
3
8
4
6
4
33
6
10
3
3
11
3
52
4
5
3
6
66
6
5
3
4
3
5
3
20
21
4
4
11
4
6
21
6
3
50
18
3
4
127
3
5
3
43
5
7
4
7
272
5
3
5
4
11
5
80
4
10
6
3
19
7
5
46
5
3
3
9
229
3
3
4
42
6
3
6
3
4
3
9
25
8
4
15
4
3
5
15
10
8
4
4
344
8
13
3
4
46
177
103
3
5
13
3
9
5
4
11
6
3
79
15
5
11
18
6
3
109
64
14
11
18
9
23
6
6
7
10
18
9
90
3
3
3
22
9
50
9
3
28
13
75
13
7
3
27
13
6
3
5
3
4
3
5
4
24
3
4
8
332
4
117
13
5
4
3
24
3
7
3
5
5
142
14
5
4
69
6
14
4
3
10
5
3
16
3
7
5
21
3
36
3
8
3
79
3
4
3
114
4
5
14
4
11
9
8
6
7
85
4
41
4
34
6
73
8
6
28
39
25
6
5
5
3
3
5
12
3
3
3
53
6
3
10
74
6
7
7
29
5
46
3
3
3
33
43
4
6
14
109
3
4
3
26
14
20
24
60
3
63
8
60
5
4
5
6
6
66
9
6
3
4
26
6
3
5
3
5
3
53
6
5
3
46
6
10
5
66
47
35
7
7
5
20
4
4
34
3
4
41
196
24
6
3
3
16
5
6
3
5
5
3
8
17
5
4
6
43
3
64
31
6
18
3
3
4
11
7
3
8
3
5
5
54
5
4
3
3
4
4
4
60
4
7
7
3
5
65
71
7
4
3
5
4
10
6
4
29
20
4
18
5
4
5
9
4
9
3
3
3
4
11
5
3
5
3
5
48
3
15
4
13
18
7
4
23
5
387
8
8
3
23
17
3
11
58
20
57
4
3
6
4
5
3
82
4
3
3
4
5
51
39
3
6
16
3
3
3
18
47
14
3
4
30
3
43
34
3
4
3
4
8
4
5
3
3
4
3
43
3
5
8
12
8
3
15
54
7
3
4
3
3
3
45
3
9
6
3
12
3
6
21
7
3
59
6
3
24
24
3
6
4
142
5
4
5
11
8
71
3
4
3
3
6
3
3
3
3
12
5
18
3
5
3
12
11
12
156
3
3
4
3
6
17
5
3
26
4
26
6
66
4
5
5
6
6
3
6
8
3
3
87
3
6
6
9
3
19
3
3
8
19
3
22
3
5
3
5
3
5
58
4
9
8
257
13
3
3
17
6
8
10
7
10
37
242
16
3
43
4
3
5
4
3
3
3
24
10
46
7
19
4
33
5
5
5
105
4
10
5
3
3
8
32
16
9
5
3
3
4
4
14
4
98
120
3
17
14
114
71
3
4
3
11
11
10
3
5
4
4
5
3
17
6
3
3
124
12
4
4
34
4
4
3
3
52
4
204
5
15
3
5
6
4
50
158
4
106
5
13
3
5
33
3
23
3
13
117
731
3
56
35
3
3
3
5
4
4
146
4
5
3
4
3
3
6
3
3
3
4
9
5
8
67
20
5
54
28
9
3
28
5
125
18
131
26
3
67
7
7
7
4
14
105
7
4
38
5
9
17
10
29
5
5
9
5
6
4
8
3
3
4
6
23
3
3
8
4
186
3
3
3
4
6
45
43
79
3
6
79
3
23
3
4
6
49
98
5
4
5
3
16
3
5
16
19
4
231
3
3
4
4
3
10
5
14
18
24
3
3
3
4
43
5
127
5
75
117
5
19
4
4
3
5
3
54
3
3
5
4
3
210
52
3
3
4
6
85
11
5
38
3
3
4
16
4
3
5
12
3
17
35
63
6
3
42
4
100
24
17
126
3
4
8
140
30
7
7
3
11
3
76
17
43
3
3
25
301
3
21
5
47
4
108
3
24
6
74
8
4
6
7
3
5
6
5
3
3
7
50
8
12
3
9
3
6
5
10
4
10
17
5
28
4
3
3
63
4
4
48
4
3
3
3
105
5
8
4
32
9
5
16
15
75
3
18
6
3
60
34
15
7
3
11
37
4
19
28
3
18
3
4
6
70
3
53
6
31
13
13
5
5
51
4
6
53
50
6
3
4
27
9
19
32
3
3
5
3
4
8
5
5
4
3
5
4
62
14
4
38
4
4
3
93
5
27
5
8
5
8
5
4
3
6
7
7
5
3
3
6
3
49
186
79
3
3
4
3
11
154
3
7
7
8
21
33
30
3
5
51
22
118
6
4
3
3
6
9
8
5
4
3
84
8
5
3
3
9
10
81
4
3
3
6
4
36
24
19
5
5
3
6
50
84
21
31
3
4
3
3
5
37
98
7
3
36
3
24
3
22
30
44
16
8
5
268
5
8
17
5
22
5
4
54
73
69
4
29
3
6
17
3
9
4
4
4
28
89
54
3
3
10
7
4
19
43
7
6
4
95
69
4
48
7
3
3
3
28
4
3
3
10
5
8
3
3
16
5
3
4
3
4
7
3
151
37
12
11
16
3
3
55
4
21
23
16
3
4
5
37
4
5
15
6
13
9
31
7
7
12
60
6
8
8
5
20
11
6
4
6
3
5
8
9
13
102
5
6
4
7
27
4
46
6
47
4
8
4
5
13
34
6
10
11
4
7
8
3
5
96
3
28
12
28
13
12
5
4
6
4
58
296
3
22
12
41
7
3
3
6
6
4
4
3
6
15
8
6
7
4
4
3
3
22
6
4
5
3
5
7
4
3
3
16
57
3
8
3
13
6
9
4
5
18
3
18
7
5
3
14
4
3
14
99
12
3
5
34
3
4
7
122
37
4
3
6
20
5
15
34
7
7
3
5
4
6
3
11
3
11
3
34
4
3
3
5
3
4
4
4
4
3
8
31
5
3
3
3
6
5
8
4
111
6
4
6
10
18
3
5
65
4
5
23
13
4
105
4
7
3
8
3
3
4
12
7
4
3
3
23
8
13
3
8
4
3
17
3
5
3
4
8
3
4
4
5
13
5
6
3
6
58
3
4
3
4
4
3
7
31
88
3
3
3
10
66
3
6
5
9
6
26
32
3
40
6
4
6
4
3
3
36
8
3
6
8
3
28
3
3
4
20
4
6
3
6
9
3
232
7
8
6
6
4
60
3
6
29
4
6
3
3
7
7
7
3
3
155
5
4
16
9
8
9
436
7
7
137
55
5
3
3
63
3
7
3
6
4
7
3
4
4
7
3
7
4
9
23
8
22
7
5
36
3
42
3
5
4
3
3
33
3
12
8
7
263
4
32
5
5
6
3
5
4
12
4
4
3
3
76
11
15
4
5
19
66
3
3
15
3
46
3
6
11
4
30
114
5
3
34
11
17
3
3
5
20
42
28
300
9
15
3
9
3
17
7
5
17
3
4
4
8
3
7
3
19
3
7
3
9
3
3
12
4
38
32
108
161
4
179
4
13
4
3
3
3
13
3
6
56
5
5
3
29
4
3
4
7
13
3
69
11
3
3
12
3
30
4
12
9
4
3
3
5
84
12
5
8
4
4
3
6
5
3
99
3
6
11
16
4
38
15
7
8
3
12
3
15
3
4
5
3
3
3
3
3
29
7
78
7
6
119
3
15
8
4
5
131
61
38
11
54
4
3
17
63
3
23
3
4
4
70
3
4
3
3
34
3
3
7
16
8
3
93
4
4
3
3
13
4
154
16
37
8
15
3
3
7
3
4
7
3
7
3
15
5
23
5
3
4
101
5
575
11
19
6
115
77
3
37
4
4
22
5
4
13
29
28
19
3
4
3
46
6
3
8
8
8
4
10
3
4
10
7
3
4
4
41
5
32
3
4
4
39
3
27
20
3
8
8
36
128
5
30
4
5
5
4
3
4
3
5
6
3
4
20
4
5
6
